10500942 0010114 25 123.31 221.95
10501300 0010115 19 63.59 146.26
10501660 0010113 21 98.65 177.57
10501895 0010109 16 65.07 149.66
10502259 0010113 16 70.96 106.43
10502625 0010105 24 137.65 330.35
10502993 0010110 19 61.32 141.04
10503236 0010113 19 73.98 140.56
10503608 0010111 21 79.49 158.98
10503982 0010111 22 86.07 189.35
10504231 0010103 22 84.14 176.69
10504609 0010109 19 105.97 222.54
10504989 0010112 15 73.96 118.33
10505244 0010111 18 65.57 98.35
10505628 0010106 24 103.62 259.06
10505887 0010112 20 87.8 201.93
10506275 0010106 25 96.92 222.92
10506538 0010116 21 78.5 117.74
10506930 0010102 15 60.98 140.26
10507197 0010116 20 77.31 115.96
10507593 0010105 22 85.67 145.64
10507864 0010109 17 67.49 114.73
10508264 0010118 25 130.13 221.22
10508539 0010106 15 93.53 177.71
10508943 0010106 22 77.89 148.0
10509222 0010116 23 81.33 154.53
10509630 0010102 19 72.92 123.97
10509913 0010118 24 91.43 182.86
10510198 0010114 16 78.61 149.36
10510612 0010109 15 63.73 133.84
10510901 0010112 15 80.73 137.24
10511192 0010106 25 98.12 235.5
10511612 0010104 15 70.85 120.44
10511907 0010113 24 91.01 209.31
10512204 0010113 23 94.43 198.31
10512503 0010112 23 95.81 153.3
10512931 0010103 15 76.82 138.27
10513234 0010108 19 99.17 238.0
10513539 0010112 21 108.98 174.37
10513846 0010106 23 79.43 119.15
10514155 0010114 16 88.38 194.43
10514593 0010116 20 94.07 178.74
10514906 0010114 24 98.95 178.11
10515221 0010116 22 92.37 184.74
10515538 0010116 24 95.0 228.0
10515857 0010107 19 103.33 165.33
10516178 0010111 15 62.13 136.7
10516501 0010104 18 85.69 137.11
10516826 0010113 20 116.62 268.22
10517153 0010112 15 93.17 158.39
10517482 0010110 25 99.11 247.78
10517813 0010110 25 104.46 198.47
10518146 0010112 22 104.94 157.41
10518481 0010103 22 110.16 176.26
10518818 0010110 24 89.57 179.13
10519157 0010107 19 87.38 209.7
10519498 0010115 15 75.35 128.1
10519841 0010116 24 97.67 214.87
10520186 0010114 20 102.99 195.68
10520533 0010116 22 82.68 157.09
10520882 0010107 21 98.36 216.39
10521106 0010104 21 73.03 175.27
10521459 0010111 15 58.36 145.91
10521814 0010108 22 117.35 222.96
10522171 0010105 16 74.24 133.63
10522530 0010101 16 62.22 111.99
10522764 0010114 25 97.88 156.61
10523127 0010117 15 59.68 149.21
10523492 0010106 20 70.63 141.27
10523859 0010112 15 76.39 190.98
10524101 0010113 19 71.49 171.58
10524472 0010108 16 72.29 166.26
10524845 0010109 18 91.15 136.72
10525093 0010114 23 103.64 165.82
10525470 0010105 19 70.0 168.0
10525849 0010105 20 101.63 213.43
10526103 0010105 20 112.59 191.41
10526486 0010114 24 97.42 185.1
10526744 0010119 22 81.11 154.11
10527131 0010112 16 68.63 116.67
10527393 0010105 21 108.61 184.63
10527784 0010108 21 115.45 230.91
10528050 0010103 17 100.57 150.85
10528445 0010108 25 125.93 302.24
10528715 0010107 24 86.12 180.84
10529114 0010115 22 95.09 171.15
10529388 0010106 19 72.63 123.47
10529791 0010106 22 104.94 262.36
10530069 0010114 21 78.17 117.26
10530476 0010115 25 92.67 213.15
10530758 0010111 16 64.2 128.4
10531042 0010108 25 86.14 155.05
10531455 0010104 21 75.7 136.27
10531743 0010105 25 134.68 336.7
10532033 0010109 22 89.62 161.32
10532452 0010109 21 74.83 179.59
10532746 0010105 22 79.46 182.76
10533042 0010115 25 96.45 212.2
10533340 0010111 22 85.87 137.39
10533767 0010104 15 60.87 103.48
10534069 0010109 15 87.57 218.92
10534373 0010113 23 83.54 192.13
10534679 0010117 18 76.6 130.23
10535114 0010119 25 98.62 147.92
10535424 0010110 16 61.45 104.47
10535736 0010110 21 81.4 179.09
10536050 0010109 21 108.24 194.82
10536366 0010109 15 66.01 99.02
10536684 0010113 21 104.68 177.95
10537004 0010115 16 67.2 114.24
10537326 0010109 18 92.58 148.13
10537650 0010101 21 96.36 173.45
10537976 0010113 23 109.49 197.09
10538304 0010114 22 92.13 193.48
10538634 0010112 20 76.18 144.74
10538966 0010115 19 70.94 148.97
10539300 0010104 15 66.01 112.22
10539636 0010107 24 128.6 270.05
10539974 0010118 21 82.5 173.25
10540314 0010112 20 70.25 161.58
10540656 0010107 24 126.67 202.67
10541000 0010110 25 87.2 174.41
10541346 0010109 22 81.11 137.89
10541694 0010113 18 80.0 120.0
10542044 0010117 16 98.05 147.07
10542396 0010107 20 100.0 170.0
10542623 0010110 19 76.05 182.51
10542979 0010107 19 85.74 137.19
10543337 0010105 20 70.25 126.45
10543697 0010107 20 71.68 179.2
10543932 0010116 19 108.37 184.23
10544296 0010105 24 87.99 158.38
10544662 0010112 15 62.49 118.74
10545030 0010105 20 91.43 155.43
10545273 0010106 23 91.65 210.8
10545645 0010104 24 98.18 235.62
10546019 0010119 19 72.92 145.85
10546268 0010113 17 85.38 162.23
10546646 0010112 19 109.62 274.06
10547026 0010102 19 106.76 234.87
10547281 0010105 15 87.26 157.08
10547665 0010113 21 81.05 170.2
10547924 0010118 25 135.21 243.37
10548312 0010115 22 104.29 260.73
10548575 0010107 18 90.31 216.75
10548967 0010112 25 90.22 180.45
10549234 0010105 24 92.73 194.73
10549630 0010115 18 72.79 174.69
10549901 0010115 25 90.03 207.06
10550301 0010108 17 89.67 134.51
10550576 0010113 24 86.85 156.33
10550980 0010114 18 66.27 145.8
10551259 0010106 19 105.59 211.17
10551667 0010111 20 113.9 261.96
10551950 0010108 23 86.28 181.19
10552235 0010109 24 81.86 122.78
10552649 0010118 25 111.91 246.21
10552938 0010105 22 86.67 147.33
10553229 0010112 17 74.49 111.73
10553649 0010113 24 87.23 130.84
10553944 0010106 15 70.85 120.44
10554241 0010106 15 59.58 101.28
10554540 0010101 24 81.54 187.54
10554968 0010109 17 73.63 154.62
10555271 0010115 16 68.93 110.29
10555576 0010102 16 82.5 156.75
10555883 0010112 25 140.77 309.7
10556192 0010105 24 101.63 162.61
10556630 0010108 21 88.63 177.25
10556943 0010107 24 99.47 149.21
10557258 0010105 20 117.09 245.88
10557575 0010109 16 78.61 133.63
10557894 0010110 25 91.43 210.29
10558215 0010103 15 73.57 154.5
10558538 0010111 22 76.85 176.75
10558863 0010108 25 141.36 325.13
10559190 0010101 24 96.68 193.35
10559519 0010116 23 81.99 155.79
10559850 0010103 15 78.14 195.35
10560183 0010104 17 62.61 112.69
10560518 0010112 19 85.74 137.19
10560855 0010105 25 102.51 194.77
10561194 0010112 24 124.8 262.09
10561535 0010106 21 91.67 183.34
10561878 0010104 24 115.24 276.57
10562223 0010104 20 75.71 143.85
10562570 0010107 21 90.0 180.0
10562919 0010111 16 60.3 126.63
10563143 0010113 18 70.85 155.86
10563496 0010106 24 106.33 244.56
10563851 0010116 23 117.87 200.38
10564208 0010113 17 80.5 193.2
10564567 0010108 16 78.61 196.52
10564801 0010105 15 58.56 87.84
10565164 0010109 18 86.67 164.67
10565529 0010113 18 71.87 107.81
10565896 0010104 17 66.07 118.93
10566138 0010104 15 62.02 117.83
10566509 0010117 24 98.95 247.37
10566882 0010115 22 105.6 168.96
10567130 0010110 18 83.38 125.07
10567507 0010110 20 77.14 185.14
10567886 0010114 16 78.82 165.53
10568140 0010111 20 105.84 169.34
10568523 0010104 20 84.1 142.97
10568781 0010110 18 80.81 121.22
10569168 0010107 18 70.7 176.76
10569430 0010115 22 79.46 166.86
10569821 0010112 21 102.68 246.43
10570087 0010112 20 108.11 183.78
10570482 0010115 15 70.68 113.08
10570752 0010115 15 62.86 138.29
10571151 0010109 22 78.51 133.47
10571425 0010112 24 117.56 188.1
10571828 0010111 20 75.71 189.28
10572106 0010103 20 96.34 240.84
10572513 0010106 20 94.35 207.57
10572795 0010102 21 72.2 158.84
10573079 0010117 20 99.37 238.48
10573492 0010112 19 102.97 164.75
10573780 0010111 25 125.93 226.68
10574070 0010101 23 90.77 199.69
10574489 0010118 17 65.7 124.83
10574783 0010109 23 84.43 202.62
10575079 0010106 20 88.49 194.68
10575377 0010103 20 98.74 148.11
10575804 0010111 24 105.71 200.86
10576106 0010115 22 78.05 132.68
10576410 0010102 24 130.09 234.17
10576716 0010107 23 117.87 212.17
10577151 0010111 22 86.07 215.17
10577461 0010102 25 100.65 181.16
10577773 0010117 25 94.4 217.13
10578087 0010114 15 62.74 131.74
10578403 0010118 22 93.58 140.37
10578721 0010106 18 109.55 273.88
10579041 0010110 19 83.33 183.33
10579363 0010114 24 84.69 194.79
10579687 0010111 19 77.75 155.5
10580013 0010108 20 77.97 171.54
10580341 0010106 17 94.56 217.49
10580671 0010105 19 84.19 159.96
10581003 0010107 19 80.13 128.2
10581337 0010109 17 73.29 161.24
10581673 0010114 25 87.93 167.08
10582011 0010110 20 112.17 235.55
10582351 0010102 21 103.0 257.51
10582693 0010114 24 110.91 277.27
10583037 0010115 21 108.24 205.65
10583383 0010117 20 79.0 189.59
10583731 0010105 18 84.98 152.97
10584081 0010110 24 126.19 315.49
10584433 0010118 22 76.99 184.79
10584660 0010103 22 80.44 152.84
10585016 0010113 16 78.82 197.06
10585374 0010110 16 80.84 137.42
10585734 0010112 16 73.69 154.75
10585969 0010108 23 82.84 149.11
10586333 0010111 24 98.18 166.9
10586699 0010117 20 79.17 166.26
10587067 0010111 18 89.5 161.1
10587310 0010113 15 71.55 178.87
10587682 0010111 23 103.33 175.67
10588056 0010111 24 106.33 255.19
10588305 0010102 19 97.24 194.47
10588683 0010104 18 85.5 128.25
10589063 0010113 17 95.89 172.61
10589318 0010110 20 77.31 154.61
10589702 0010103 25 107.11 224.93
10589961 0010111 18 68.0 142.8
10590349 0010107 19 76.38 122.21
10590612 0010115 23 106.14 180.44
10591004 0010119 18 82.07 188.76
10591271 0010112 23 84.61 186.13
10591667 0010106 22 100.88 201.76
10591938 0010107 17 65.59 144.3
10592338 0010118 25 130.13 195.2
10592613 0010104 22 77.89 140.21
10593017 0010103 20 77.8 124.49
10593296 0010113 17 65.82 138.23
10593704 0010116 20 102.64 236.08
10593987 0010117 17 75.02 112.52
10594272 0010117 18 75.05 150.09
10594686 0010107 21 115.02 218.54
10594975 0010114 22 109.8 175.67
10595266 0010106 25 122.88 282.63
10595686 0010103 19 86.67 164.67
10595981 0010113 16 79.48 151.01
10596278 0010110 21 110.13 231.27
10596577 0010112 15 79.76 127.62
10597005 0010102 22 86.07 129.1
10597308 0010104 24 134.83 296.63
10597613 0010112 23 112.74 191.66
10597920 0010103 25 110.58 210.1
10598229 0010113 18 66.75 153.53
10598667 0010117 19 99.83 249.58
10598980 0010111 19 69.1 103.64
10599295 0010113 21 108.98 207.07
10599612 0010115 22 91.43 155.43
10599931 0010106 20 77.64 163.04
10600252 0010109 16 64.44 128.89
10600575 0010103 24 102.76 215.79
10600900 0010111 24 82.5 189.75
10601227 0010111 24 83.66 150.59
10601556 0010107 25 143.76 258.77
10601887 0010108 25 96.22 202.06
10602220 0010114 19 72.49 123.23
10602555 0010104 20 92.46 231.16
10602892 0010111 21 122.94 233.59
10603231 0010102 25 96.45 173.61
10603572 0010116 23 90.34 225.84
10603915 0010111 17 84.64 186.21
10604260 0010111 18 106.54 181.12
10604607 0010114 20 116.62 186.59
10604956 0010104 19 93.93 197.25
10605180 0010104 15 60.65 151.63
10605533 0010111 18 73.38 146.76
10605888 0010105 25 107.11 160.66
10606245 0010101 15 76.39 190.98
10606604 0010118 24 91.22 191.55
